20191201	26509
20191202	27276
20191203	24843
20191204	24942
20191205	25544
20191206	22781
20191207	23826
20191208	25070
20191209	43148
20191210	30755
20191211	27749
20191212	25350
20191213	23852
20191214	22706
20191215	27674
20191216	26430
20191217	27648
20191218	24757
20191219	21936
20191220	22023
20191221	23323
20191222	24270
20191223	24203
20191224	21589
20191225	21994
20191226	25630
20191227	25493
20191228	28729
20191229	30435
20191230	34490
20191231	35276
20200101	55786
20200102	47831
20200103	43440
20200104	40080
20200105	48883
20200106	46019
20200107	40930
20200108	40597
20200109	44911
20200110	45789
20200111	47677
20200112	50740
20200113	46061
20200114	40885
20200115	38830
20200116	38879
20200117	37524
20200118	41209
20200119	43684
20200120	46301
20200121	58558
20200122	68241
20200123	74465
20200124	82842
20200125	100351
20200126	98930
20200127	86072
20200128	84018
20200129	79406
20200130	78835
20200131	79424
20200201	72780
20200202	77001
20200203	71672
20200204	62541
20200205	58236
20200206	55632
20200207	56588
20200208	58986
20200209	62142
20200210	60994
20200211	56184
20200212	53261
20200213	58714
20200214	54081
20200215	54671
20200216	53381
20200217	55643
20200218	56034
20200219	74385
20200220	81847
20200221	88919
20200222	106112
20200223	143868
20200224	192670
20200225	215271
20200226	245103
20200227	255158
20200228	257192
20200229	236306
20200301	241286
20200302	306115
20200303	308554
20200304	318232
20200305	321696
20200306	329931
20200307	292006
20200308	310055
20200309	414413
20200310	508013
20200311	668374
20200312	964827
20200313	815519
20200314	706733
20200315	719315
20200316	864645
20200317	847523
20200318	891958
20200319	980851
20200320	947021
20200321	917691
20200322	965933
20200323	1039169
20200324	1051382
20200325	892940
20200326	872802
20200327	996002
20200328	812628
20200329	800786
20200330	863544
20200331	808315
20200401	728892
20200402	743014
20200403	674153
20200404	594439
20200405	713047
20200406	620987
20200407	555166
20200408	510368
20200409	572637
20200410	448574
20200411	428690
20200412	418700
20200413	442315
20200414	447195
20200415	447351
20200416	449725
20200417	428773
20200418	383245
20200419	383427
20200420	398288
20200421	380641
20200422	392838
20200423	371501
20200424	340736
20200425	300902
20200426	330860
20200427	341026
20200428	347769
20200429	340217
20200430	309112
20200501	286671
20200502	259461
20200503	309117
20200504	2088433
20200505	2719342
20200506	2594757
20200507	2448728
20200508	2416686
20200509	2485967
20200510	2572799
20200511	2815026
20200512	2767995
20200513	2717642
20200514	2570723
20200515	2378954
20200516	2207908
20200517	2410398
20200518	2547692
20200519	2455096
20200520	2358081
20200521	2297647
20200522	2168248
20200523	2089998
20200524	2087221
20200525	2224775
20200526	2239499
20200527	2082644
20200528	2084795
20200529	1948320
20200530	1852870
20200531	1815341
20200601	1849223
20200602	1804125
20200603	1730008
20200604	1734983
20200605	1696180
20200606	1588819
20200607	1647383
20200608	1820577
20200609	1775367
20200610	1745472
20200611	1738854
20200612	1639199
20200613	1468632
20200614	1505718
20200615	1649594
20200616	1615480
20200617	1599684
20200618	1523905
20200619	1472434
20200620	1389105
20200621	1375636
20200622	1503004
20200623	1501662
20200624	1496376
20200625	1459628
20200626	1426718
20200627	1362257
20200628	1364671
20200629	1488418
20200630	1434230
20200701	1339160
20200702	1392165
20200703	1294080
20200704	1195993
20200705	1220602
20200706	1408533
20200707	1469680
20200708	1427480
20200709	1392372
20200710	1317460
20200711	1247710
20200712	1357570
20200713	1483247
20200714	1467773
20200715	1429247
20200716	1381992
20200717	1362116
20200718	1209387
20200719	1425109
20200720	1348687
20200721	1231538
20200722	1249968
20200723	1314732
20200724	1255712
20200725	1155939
20200726	1231078
20200727	1344118
20200728	1305099
20200729	1266756
20200730	1252222
20200731	1174911
20200801	1089606
20200802	1181804
20200803	1211491
20200804	1182965
20200805	1147559
20200806	1095029
20200807	1095542
20200808	1032474
20200809	1095900
20200810	1147970
20200811	1165253
20200812	1124118
20200813	1169138
20200814	1082893
20200815	910971
20200816	980242
20200817	1079515
20200818	1029427
20200819	1022634
20200820	997752
20200821	960141
20200822	898586
20200823	901513
20200824	973578
20200825	967799
20200826	973731
20200827	955032
20200828	842155
20200829	792263
20200830	821217
20200831	945977
20200901	899947
20200902	906844
20200903	885197
20200904	817769
20200905	747166
20200906	832420
20200907	909542
20200908	894559
20200909	884373
20200910	956171
20200911	896947
20200912	811388
20200913	823861
20200914	911537
20200915	858450
20200916	862645
20200917	852586
20200918	834704
20200919	716929
20200920	802696
20200921	872498
20200922	915678
20200923	880128
20200924	852491
20200925	806527
20200926	715045
20200927	722865
20200928	831783
20200929	849267
20200930	793343
20201001	773921
20201002	792471
20201003	741360
20201004	829381
20201005	937045
20201006	922721
20201007	924471
20201008	930005
20201009	839922
20201010	774882
20201011	821688
20201012	858132
20201013	852555
20201014	849619
20201015	874597
20201016	831217
20201017	753023
20201018	754814
20201019	869562
20201020	853035
20201021	875947
20201022	854268
20201023	809028
20201024	774455
20201025	843957
20201026	955158
20201027	947182
20201028	1136577
20201029	1004103
20201030	892970
20201031	882070
20201101	847857
20201102	910929
20201103	834747
20201104	744994
20201105	798084
20201106	782940
20201107	731351
20201108	741838
20201109	883208
20201110	861139
20201111	848687
20201112	854180
20201113	802519
20201114	729790
20201115	786619
20201116	901816
20201117	935548
20201118	924794
20201119	930512
20201120	828233
20201121	753987