2007120100 5378180538
2008010100 9154428521
2008020100 8843288153
2008030100 9191926623
2008040100 9645856901
2008050100 10696430439
2008060100 10862643783
2008070100 9872117095
2008080100 9821076284
2008090100 10634498608
2008100100 11060299656
2008110100 10848704518
2008120100 10823161731
2009010100 11883795438
2009020100 10905839181
2009030100 12427916777
2009040100 11355556723
2009050100 12217627255
2009060100 11512035301
2009070100 11125301088
2009080100 11303698817
2009090100 8065942229
2009100100 12204272936
2009110100 11853172517
2009120100 10963469612
2010010100 11613873450
2010020100 11584225546
2010030100 12612180591
2010040100 12118517363
2010050100 12014991244
2010060100 9143143927
2010070100 9612011264
2010080100 13810440568
2010090100 14747707070
2010100100 21193830107
2010110100 13914410749
2010120100 13785527890
2011010100 15137010671
2011020100 13854753844
2011030100 15006089387
2011040100 13899186770
2011050100 14787553914
2011060100 13778335121
2011070100 13653464078
2011080100 13781921201
2011090100 12461779972
2011100100 15469667115
2011110100 16103744977
2011120100 13522398373
2012010100 16904206115
2012020100 15914562348
2012030100 15935931009
2012040100 15224746147
2012050100 16594765361
2012060100 16000816161
2012070100 16119752292
2012080100 16487349535
2012090100 16802871171
2012100100 18006005024
2012110100 17773960203
2012120100 17059814199
2013010100 19375681518
2013020100 17356425943
2013030100 18962180732
2013040100 17669169013
2013050100 18207402998
2013060100 17509563492
2013070100 18285389443
2013080100 20955766755
2013090100 22256965351
2013100100 24242133946
2013110100 23611117576
2013120100 15493663209
2014010100 15610290445
2014020100 15160597805
2014030100 16850601985
2014040100 15948192977
2014050100 16369527707
2014060100 15006800584
2014070100 15334269983
2014080100 15574745798
2014090100 17096150766
2014100100 22111076920
2014110100 21017639208
2014120100 21428580370
2015010100 21513367130
2015020100 19188220063
2015030100 21249523780
2015040100 20737162859
2015050100 21201653532
2015060100 18001701244
2015070100 18751521916
2015080100 18135219699
2015090100 18627063151
2015100100 19372991616
2015110100 19132611015
2015120100 19181033226
2016010100 20584190813
2016020100 19173990600
2016030100 19905096258
2016040100 19760897612
2016050100 19651555627
2016060100 18449322197
2016070100 18600557233
2016080100 2849607309